# 后端上机题

**问题描述**

1. 打印九九乘法表

左对齐：

```
1
2  4
3  6  9
4  8 12 16
5 10 15 20 25
6 12 18 24 30 36
7 14 21 28 35 42 49
8 16 24 32 40 48 56 64
9 18 27 36 45 54 63 72 81
```

右对齐：

```
1  2  3  4  5  6  7  8  9
   4  6  8 10 12 14 16 18
      9 12 15 18 21 24 27
        16 20 24 28 32 36
           25 30 35 40 45
              36 42 48 54
                 49 56 63
                    64 72
                       81
```

2. 给订任意的一个list， 如 `[1,2,3,2,1,5,5]`, 去掉没有重复的元素， 转变为 `[1,2,2,1,5,5]`

**要求**

1.请补充本项目中 small.py 中的代码，使得 small 相关测试可以全部通过
2.第一题不能用 '\t'
3.第二题不能用 `count`方法
